bnr_test = 10:-0.5:1;
bnr_result = [0,0,0,0,0,0,9.97e-05,9.9701e-05,1.9940e-04,1.99401e-04,0,1.9940e-04,7.976071784646061e-04, 0.001495513459621, 0.002293120638086,0.003688933200399,0.003589232303091,0.004386839481555,0.007178464606181];


%Courbe théorique
pe=0.5*erfc(10.^sqrt(Eb_No_Vector/ N_o));
for